$ANSIBLE_VAULT;1.1;AES256
36656461373430303363333238623361313561613934663061346538353761323665613634393166
3962643063663836343864346562646535343730386137330a383538616239626261306462656364
61396265303339633464383435313966656261636537363235623136363539623263656265363732
6635353636373364330a393337613935636466636631616136643661366263393831646565373439
39316363323134326262303665333037393733333063326334326632643936613435303265656463
61343833343933316336373163343561633139303038306165363634646135303366323230366337
64636138386261343264346532363463636436316637626632336432346634386563623837313538
64386566323638373139366631343135393536626361393531356264353436363762323531643966
36616664333663636161626661663637386666653461396362343039633764646162313533306135
31656264623466336538363937373530383161396236386665396330646561616633626633313837
37653064323061653930333139613662343566333639653838393139623133313938653561316532
64633466353238333833373830346263643261313632333165343633663864626435313566306134
35623234663437663635646462366631623432633835383962313666626632313364663432653863
33303465346461353437303765303038643332393737633666336661396363336630613362623336
30363838343837393164623265373730633739313366303030306466373166343032646365623137
32636366613835386464
