$ANSIBLE_VAULT;1.1;AES256
64653939316364636338666232396661366232333239303632306165326530346136373630663836
3664306639653637343936303934663961306237623237660a666235653038653130623536656664
31666239373934313433653231633434636434386137386231663130323032363363346261323633
3230633135383236350a613837633537326566646139616433316566663362323965306565626531
36623633353765326236303737313566393835393636646531326561613733316461386539663562
62643937633161366431666532326663656266343366323865316531316562356662393865653331
37393865323763633731393232303433613362303730303238386663623464393564383166333936
33636162663861646263313336333765616632323931313434376432653838316638653339323534
33326134303930353338313833613464336131633036616231376630633834346365633332343535
34366532393434616361636566323732313232653364333564623238353736303965623863333466
34316337646161333036626337646236326431656561643461643338663430326464353862623764
38366536376666396439383630333664393739626639313833316531326636313664623533373835
37303236313863343866653964353866326363616461336461376566313363613165653231643235
36356139386233313365666337656264306437373065623735383861346463363466316439613461
36333763643132613334383036646534623464356363336266363763653933616163653635613238
32666561313761626530623932363431623333633462366536626535303237366563646637353631
36336234303666643433656432623739383632646264376565666633353764353861346134363139
65656134333732633061666532383330333435323465316431313435373761323866316163623763
36396638316339393938653030613930303163613538623661333462373936336238633234663935
30313835303136363262346232366236656635396439613266623238386233666561373137616661
63366664373830643831346231653133393133383566656433653732626631303566323038623233
63326630343666636233303530353939623430313930343431356362626530633733333834613734
65313330336638386566653530356630616135653136373365646334343037353730386535656639
65356330663931333337346635616133643165653933636664303935346561623432343139363762
35373161386565623738653164316231653534613535633930613537326434653932
